"","Year","Date","A_Elo_Before","B_Elo_Before","A_Elo_After","B_Elo_After","A_Score","B_Score","A_Home","B_Home","Weight"
"1","2017","03/05/2017","1500","1544","1488","1556","1","2","TRUE","FALSE","20"
"2","2017","03/12/2017","1488","1487","1514","1461","6","1","FALSE","TRUE","20"
"3","2017","03/18/2017","1514","1445","1524","1435","4","0","TRUE","FALSE","20"
"4","2017","03/31/2017","1524","1593","1529","1588","0","0","FALSE","TRUE","20"
"5","2017","04/08/2017","1529","1589","1533","1585","2","2","FALSE","TRUE","20"
"6","2017","04/15/2017","1533","1508","1525","1516","1","2","FALSE","TRUE","20"
"7","2017","04/22/2017","1525","1477","1542","1460","3","1","FALSE","TRUE","20"
"8","2017","04/30/2017","1542","1465","1520","1487","1","3","TRUE","FALSE","20"
"9","2017","05/07/2017","1520","1499","1508","1511","1","3","FALSE","TRUE","20"
"10","2017","05/14/2017","1508","1533","1511","1530","1","1","FALSE","TRUE","20"
"11","2017","05/20/2017","1511","1491","1523","1479","4","1","TRUE","FALSE","20"
"12","2017","05/28/2017","1523","1528","1534","1517","3","1","TRUE","FALSE","20"
"13","2017","06/03/2017","1534","1483","1521","1496","1","3","FALSE","TRUE","20"
"14","2017","06/10/2017","1521","1506","1510","1517","0","2","FALSE","TRUE","20"
"15","2017","06/17/2017","1510","1488","1520","1478","3","1","TRUE","FALSE","20"
"16","2017","06/21/2017","1520","1436","1510","1446","1","2","FALSE","TRUE","20"
"17","2017","06/24/2017","1510","1450","1516","1444","1","0","TRUE","FALSE","20"
"18","2017","07/01/2017","1516","1493","1534","1475","2","0","FALSE","TRUE","20"
"19","2017","07/04/2017","1534","1476","1543","1467","4","2","TRUE","FALSE","20"
"20","2017","07/21/2017","1543","1471","1554","1460","1","0","FALSE","TRUE","20"
"21","2017","07/29/2017","1554","1460","1549","1465","1","1","TRUE","FALSE","20"
"22","2017","08/06/2017","1549","1552","1552","1549","1","1","FALSE","TRUE","20"
"23","2017","08/23/2017","1552","1399","1540","1411","0","1","FALSE","TRUE","20"
"24","2017","08/26/2017","1540","1452","1540","1452","2","2","FALSE","TRUE","20"
"25","2017","09/10/2017","1540","1523","1552","1511","3","0","TRUE","FALSE","20"
"26","2017","09/13/2017","1552","1488","1565","1475","7","0","TRUE","FALSE","20"
"27","2017","09/16/2017","1565","1438","1559","1444","3","3","TRUE","FALSE","20"
"28","2017","09/20/2017","1559","1431","1567","1423","4","0","TRUE","FALSE","20"
"29","2017","09/24/2017","1567","1513","1576","1504","2","0","TRUE","FALSE","20"
"30","2017","09/27/2017","1576","1472","1584","1464","3","0","TRUE","FALSE","20"
"31","2017","09/30/2017","1584","1463","1583","1464","0","0","FALSE","TRUE","20"
"32","2017","10/03/2017","1583","1437","1567","1453","2","3","TRUE","FALSE","20"
"33","2017","10/15/2017","1567","1530","1569","1528","0","0","FALSE","TRUE","20"
"34","2017","10/22/2017","1569","1656","1569","1656","2","2","TRUE","FALSE","20"
"35","2017","10/26/2017","1569","1539","1565","1543","0","0","TRUE","FALSE","25"
"36","2018","03/03/2018","1549","1495","1533","1511","0","4","FALSE","TRUE","20"
"37","2018","03/11/2018","1533","1426","1540","1419","3","1","TRUE","FALSE","20"
"38","2018","03/17/2018","1540","1529","1552","1517","4","1","TRUE","FALSE","20"
"39","2018","03/31/2018","1552","1454","1562","1444","1","0","FALSE","TRUE","20"
"40","2018","04/07/2018","1562","1529","1575","1516","5","0","TRUE","FALSE","20"
"41","2018","04/15/2018","1575","1589","1573","1591","2","2","TRUE","FALSE","20"
"42","2018","04/21/2018","1573","1460","1587","1446","2","0","FALSE","TRUE","20"
"43","2018","04/28/2018","1587","1453","1594","1446","4","1","TRUE","FALSE","20"
"44","2018","05/05/2018","1594","1480","1604","1470","2","1","FALSE","TRUE","20"
"45","2018","05/09/2018","1604","1545","1583","1566","0","2","TRUE","FALSE","20"
"46","2018","05/13/2018","1583","1495","1593","1485","2","1","FALSE","TRUE","20"
"47","2018","05/20/2018","1593","1583","1573","1603","1","3","TRUE","FALSE","20"
"48","2018","05/30/2018","1573","1501","1574","1500","1","1","FALSE","TRUE","20"
"49","2018","06/02/2018","1574","1493","1582","1485","3","1","TRUE","FALSE","20"
"50","2018","06/09/2018","1582","1573","1585","1570","1","1","FALSE","TRUE","20"
"51","2018","06/13/2018","1585","1555","1603","1537","2","0","FALSE","TRUE","20"
"52","2018","06/24/2018","1603","1545","1599","1549","1","1","TRUE","FALSE","20"
"53","2018","06/30/2018","1599","1415","1605","1409","4","0","TRUE","FALSE","20"
"54","2018","07/04/2018","1605","1561","1597","1569","2","3","FALSE","TRUE","20"
"55","2018","07/07/2018","1597","1474","1611","1460","2","0","FALSE","TRUE","20"
"56","2018","07/15/2018","1611","1524","1606","1529","1","1","TRUE","FALSE","20"
"57","2018","07/21/2018","1606","1446","1611","1441","3","1","TRUE","FALSE","20"
"58","2018","07/28/2018","1611","1474","1620","1465","2","1","FALSE","TRUE","20"
"59","2018","08/04/2018","1620","1544","1615","1549","2","2","TRUE","FALSE","20"
"60","2018","08/19/2018","1615","1534","1623","1526","3","1","TRUE","FALSE","20"
"61","2018","08/24/2018","1623","1387","1629","1381","2","1","FALSE","TRUE","20"
"62","2018","09/02/2018","1629","1456","1611","1474","1","3","FALSE","TRUE","20"
"63","2018","09/15/2018","1611","1388","1623","1376","3","0","FALSE","TRUE","20"
"64","2018","09/19/2018","1623","1386","1629","1380","4","3","FALSE","TRUE","20"
"65","2018","09/22/2018","1629","1523","1636","1516","2","0","TRUE","FALSE","20"
"66","2018","09/30/2018","1636","1619","1625","1630","0","2","FALSE","TRUE","20"
"67","2018","10/06/2018","1625","1459","1629","1455","2","1","TRUE","FALSE","20"
"68","2018","10/21/2018","1629","1431","1632","1428","2","1","TRUE","FALSE","20"
"69","2018","10/28/2018","1632","1493","1613","1512","1","4","FALSE","TRUE","20"
"70","2018","11/04/2018","1613","1557","1636","1534","1","0","FALSE","TRUE","40"
"71","2018","11/11/2018","1636","1534","1650","1520","3","1","TRUE","FALSE","40"
"72","2018","11/25/2018","1650","1646","1681","1615","3","0","TRUE","FALSE","50"
"73","2018","11/29/2018","1681","1615","1658","1638","0","1","FALSE","TRUE","50"
"74","2018","12/08/2018","1658","1595","1683","1570","2","0","TRUE","FALSE","60"
"75","2019","03/03/2019","1637","1524","1621","1540","0","2","FALSE","TRUE","20"
"76","2019","03/10/2019","1621","1491","1615","1497","1","1","TRUE","FALSE","20"
"77","2019","03/17/2019","1615","1477","1609","1483","1","1","TRUE","FALSE","20"
"78","2019","03/30/2019","1609","1524","1595","1538","0","2","FALSE","TRUE","20"
"79","2019","04/13/2019","1595","1437","1608","1424","2","0","FALSE","TRUE","20"
"80","2019","04/20/2019","1608","1527","1593","1542","1","2","TRUE","FALSE","20"
"81","2019","04/27/2019","1593","1365","1596","1362","1","0","TRUE","FALSE","20"
"82","2019","05/05/2019","1596","1547","1616","1527","3","0","FALSE","TRUE","20"
"83","2019","05/08/2019","1616","1540","1624","1532","2","0","TRUE","FALSE","20"
"84","2019","05/12/2019","1624","1395","1627","1392","1","0","TRUE","FALSE","20"
"85","2019","05/15/2019","1627","1467","1635","1459","1","0","FALSE","TRUE","20"
"86","2019","05/19/2019","1635","1571","1626","1580","0","1","FALSE","TRUE","20"
"87","2019","05/24/2019","1626","1502","1615","1513","1","2","FALSE","TRUE","20"
"88","2019","05/29/2019","1615","1465","1622","1458","3","0","TRUE","FALSE","20"
"89","2019","06/01/2019","1622","1456","1627","1451","2","0","TRUE","FALSE","20"
"90","2019","06/26/2019","1627","1477","1616","1488","2","3","FALSE","TRUE","20"
"91","2019","06/29/2019","1616","1507","1621","1502","2","1","TRUE","FALSE","20"
"92","2019","07/03/2019","1621","1443","1598","1466","1","5","FALSE","TRUE","20"
"93","2019","07/07/2019","1598","1575","1595","1578","3","3","TRUE","FALSE","20"
"94","2019","07/14/2019","1595","1571","1587","1579","1","2","FALSE","TRUE","20"
"95","2019","07/17/2019","1587","1471","1596","1462","5","0","TRUE","FALSE","20"
"96","2019","07/21/2019","1596","1527","1604","1519","2","0","TRUE","FALSE","20"
"97","2019","07/26/2019","1604","1651","1598","1657","3","4","FALSE","TRUE","20"
"98","2019","08/03/2019","1598","1498","1606","1490","3","0","TRUE","FALSE","20"
"99","2019","08/11/2019","1606","1573","1612","1567","2","1","TRUE","FALSE","20"
"100","2019","08/18/2019","1612","1575","1630","1557","2","0","FALSE","TRUE","20"
"101","2019","08/23/2019","1630","1455","1638","1447","1","0","FALSE","TRUE","20"
"102","2019","08/31/2019","1638","1544","1623","1559","1","3","FALSE","TRUE","20"
"103","2019","09/14/2019","1623","1444","1598","1469","1","3","TRUE","FALSE","20"
"104","2019","09/18/2019","1598","1331","1606","1323","2","0","FALSE","TRUE","20"
"105","2019","09/21/2019","1606","1486","1613","1479","3","1","TRUE","FALSE","20"
"106","2019","09/25/2019","1613","1607","1600","1620","1","4","FALSE","TRUE","20"
"107","2019","09/29/2019","1600","1411","1597","1414","1","1","FALSE","TRUE","20"
"108","2019","10/06/2019","1597","1512","1605","1504","3","1","TRUE","FALSE","20"
"109","2019","10/19/2019","1605","1504","1612","1497","1","0","TRUE","FALSE","30"
"110","2019","10/24/2019","1612","1544","1629","1527","2","0","TRUE","FALSE","40"
"111","2019","10/30/2019","1629","1583","1594","1618","1","2","TRUE","FALSE","50"
"112","2020","02/29/2020","1570","1500","1581","1489","2","1","FALSE","TRUE","20"
"113","2020","03/07/2020","1581","1370","1584","1367","2","1","TRUE","FALSE","20"
"114","2020","07/11/2020","1584","1526","1572","1538","0","1","FALSE","FALSE","20"
"115","2020","07/16/2020","1572","1355","1556","1371","0","1","FALSE","FALSE","20"
"116","2020","07/21/2020","1556","1527","1545","1538","0","1","FALSE","FALSE","20"
"117","2020","08/22/2020","1545","1499","1554","1490","2","0","TRUE","FALSE","20"
"118","2020","08/29/2020","1554","1506","1533","1527","1","3","TRUE","FALSE","20"
"119","2020","09/02/2020","1533","1459","1528","1464","0","0","TRUE","FALSE","20"
"120","2020","09/05/2020","1528","1529","1531","1526","1","1","FALSE","TRUE","20"
"121","2020","09/09/2020","1531","1462","1522","1471","1","2","FALSE","TRUE","20"
"122","2020","09/12/2020","1522","1486","1510","1498","2","4","FALSE","TRUE","20"
"123","2020","09/19/2020","1510","1465","1496","1479","1","2","TRUE","FALSE","20"
"124","2020","09/23/2020","1496","1531","1504","1523","1","0","TRUE","FALSE","20"
"125","2020","09/27/2020","1504","1459","1491","1472","0","2","FALSE","TRUE","20"
"126","2020","10/03/2020","1491","1432","1512","1411","4","0","FALSE","TRUE","20"
"127","2020","10/07/2020","1512","1563","1511","1564","0","0","TRUE","FALSE","20"
"128","2020","10/10/2020","1511","1486","1498","1499","0","1","TRUE","FALSE","20"
"129","2020","10/14/2020","1498","1462","1500","1460","1","1","FALSE","TRUE","20"
"130","2020","10/18/2020","1500","1601","1495","1606","0","1","FALSE","TRUE","20"
"131","2020","10/24/2020","1495","1413","1480","1428","1","2","TRUE","FALSE","20"
"132","2020","10/28/2020","1480","1552","1471","1561","1","4","FALSE","TRUE","20"
"133","2020","11/01/2020","1471","1352","1478","1345","2","0","TRUE","FALSE","20"
"134","2020","11/08/2020","1478","1536","1472","1542","1","2","FALSE","TRUE","20"
