"","Year","Date","A_Elo_Before","B_Elo_Before","A_Elo_After","B_Elo_After","A_Score","B_Score","A_Home","B_Home","Weight"
"1","2017","03/03/2017","1500","1516","1487","1529","1","5","FALSE","TRUE","20"
"2","2017","03/12/2017","1487","1488","1461","1514","1","6","TRUE","FALSE","20"
"3","2017","03/18/2017","1461","1497","1465","1493","2","2","FALSE","TRUE","20"
"4","2017","03/25/2017","1465","1472","1453","1484","2","5","FALSE","TRUE","20"
"5","2017","04/01/2017","1453","1461","1464","1450","4","2","TRUE","FALSE","20"
"6","2017","04/08/2017","1464","1581","1457","1588","0","2","FALSE","TRUE","20"
"7","2017","04/15/2017","1457","1481","1460","1478","2","2","FALSE","TRUE","20"
"8","2017","04/23/2017","1460","1470","1467","1463","1","0","TRUE","FALSE","20"
"9","2017","04/29/2017","1467","1461","1454","1474","0","1","TRUE","FALSE","20"
"10","2017","05/07/2017","1454","1556","1469","1541","2","0","TRUE","FALSE","20"
"11","2017","05/13/2017","1469","1617","1465","1621","2","3","FALSE","TRUE","20"
"12","2017","05/21/2017","1465","1516","1454","1527","1","2","TRUE","FALSE","20"
"13","2017","05/27/2017","1454","1483","1462","1475","1","0","TRUE","FALSE","20"
"14","2017","06/03/2017","1462","1532","1452","1542","0","3","FALSE","TRUE","20"
"15","2017","06/17/2017","1452","1419","1444","1427","0","1","FALSE","TRUE","20"
"16","2017","06/21/2017","1444","1523","1453","1514","3","2","TRUE","FALSE","20"
"17","2017","06/24/2017","1453","1495","1451","1497","2","2","TRUE","FALSE","20"
"18","2017","06/29/2017","1451","1546","1444","1553","1","3","FALSE","TRUE","20"
"19","2017","07/04/2017","1444","1475","1432","1487","0","1","TRUE","FALSE","20"
"20","2017","07/19/2017","1432","1491","1431","1492","0","0","TRUE","FALSE","20"
"21","2017","07/22/2017","1431","1521","1413","1539","0","3","TRUE","FALSE","20"
"22","2017","07/29/2017","1413","1405","1426","1392","4","0","TRUE","FALSE","20"
"23","2017","08/05/2017","1426","1565","1409","1582","0","4","TRUE","FALSE","20"
"24","2017","08/20/2017","1409","1588","1406","1591","1","2","FALSE","TRUE","20"
"25","2017","08/26/2017","1406","1508","1421","1493","2","1","FALSE","TRUE","20"
"26","2017","09/09/2017","1421","1452","1419","1454","1","1","TRUE","FALSE","20"
"27","2017","09/13/2017","1419","1538","1411","1546","0","3","FALSE","TRUE","20"
"28","2017","09/16/2017","1411","1503","1426","1488","3","2","FALSE","TRUE","20"
"29","2017","09/23/2017","1426","1510","1443","1493","4","1","TRUE","FALSE","20"
"30","2017","09/30/2017","1443","1491","1437","1497","1","2","FALSE","TRUE","20"
"31","2017","10/03/2017","1437","1583","1453","1567","3","2","FALSE","TRUE","20"
"32","2017","10/07/2017","1453","1547","1453","1547","1","1","TRUE","FALSE","20"
"33","2017","10/15/2017","1453","1423","1439","1437","0","3","FALSE","TRUE","20"
"34","2017","10/22/2017","1439","1440","1432","1447","2","3","FALSE","TRUE","20"
"35","2018","03/03/2018","1449","1450","1442","1457","2","3","FALSE","TRUE","20"
"36","2018","03/10/2018","1442","1442","1455","1429","2","1","FALSE","TRUE","20"
"37","2018","03/17/2018","1455","1475","1463","1467","2","1","TRUE","FALSE","20"
"38","2018","03/24/2018","1463","1558","1454","1567","0","3","FALSE","TRUE","20"
"39","2018","03/31/2018","1454","1552","1444","1562","0","1","TRUE","FALSE","20"
"40","2018","04/14/2018","1444","1495","1438","1501","2","3","FALSE","TRUE","20"
"41","2018","04/22/2018","1438","1553","1431","1560","1","3","FALSE","TRUE","20"
"42","2018","04/28/2018","1431","1501","1440","1492","2","1","TRUE","FALSE","20"
"43","2018","05/05/2018","1440","1497","1449","1488","1","0","TRUE","FALSE","20"
"44","2018","05/09/2018","1449","1554","1442","1561","0","2","FALSE","TRUE","20"
"45","2018","05/12/2018","1442","1422","1422","1442","1","3","TRUE","FALSE","20"
"46","2018","05/20/2018","1422","1566","1423","1565","1","1","TRUE","FALSE","20"
"47","2018","05/26/2018","1423","1420","1434","1409","2","0","TRUE","FALSE","20"
"48","2018","06/03/2018","1434","1562","1427","1569","1","4","FALSE","TRUE","20"
"49","2018","06/23/2018","1427","1397","1419","1405","2","3","FALSE","TRUE","20"
"50","2018","06/29/2018","1419","1552","1410","1561","0","1","TRUE","FALSE","20"
"51","2018","07/04/2018","1410","1543","1421","1532","4","3","TRUE","FALSE","20"
"52","2018","07/07/2018","1421","1509","1412","1518","0","3","FALSE","TRUE","20"
"53","2018","07/14/2018","1412","1503","1422","1493","3","2","TRUE","FALSE","20"
"54","2018","07/18/2018","1422","1500","1431","1491","2","1","TRUE","FALSE","20"
"55","2018","07/22/2018","1431","1569","1452","1548","5","1","TRUE","FALSE","20"
"56","2018","07/28/2018","1452","1460","1442","1470","2","4","FALSE","TRUE","20"
"57","2018","08/04/2018","1442","1560","1433","1569","1","2","TRUE","FALSE","20"
"58","2018","08/11/2018","1433","1503","1438","1498","2","2","FALSE","TRUE","20"
"59","2018","08/18/2018","1438","1544","1431","1551","0","2","FALSE","TRUE","20"
"60","2018","08/25/2018","1431","1569","1425","1575","0","2","FALSE","TRUE","20"
"61","2018","09/12/2018","1425","1479","1419","1485","1","2","FALSE","TRUE","20"
"62","2018","09/15/2018","1419","1528","1424","1523","1","1","FALSE","TRUE","20"
"63","2018","09/22/2018","1424","1531","1434","1521","3","2","TRUE","FALSE","20"
"64","2018","09/29/2018","1434","1557","1445","1546","2","1","TRUE","FALSE","20"
"65","2018","10/06/2018","1445","1528","1435","1538","1","5","FALSE","TRUE","20"
"66","2018","10/13/2018","1435","1353","1413","1375","0","2","TRUE","FALSE","20"
"67","2018","10/21/2018","1413","1499","1397","1515","1","3","TRUE","FALSE","20"
"68","2018","10/28/2018","1397","1504","1392","1509","2","3","FALSE","TRUE","20"
"69","2019","03/02/2019","1419","1486","1433","1472","3","2","FALSE","TRUE","20"
"70","2019","03/09/2019","1433","1383","1453","1363","3","0","FALSE","TRUE","20"
"71","2019","03/16/2019","1453","1495","1447","1501","2","3","FALSE","TRUE","20"
"72","2019","03/30/2019","1447","1434","1439","1442","1","2","FALSE","TRUE","20"
"73","2019","04/06/2019","1439","1579","1455","1563","2","1","FALSE","TRUE","20"
"74","2019","04/13/2019","1455","1495","1453","1497","3","3","TRUE","FALSE","20"
"75","2019","04/19/2019","1453","1535","1448","1540","3","4","FALSE","TRUE","20"
"76","2019","04/24/2019","1448","1543","1448","1543","0","0","TRUE","FALSE","20"
"77","2019","04/28/2019","1448","1536","1458","1526","1","0","TRUE","FALSE","20"
"78","2019","05/04/2019","1458","1591","1459","1590","1","1","TRUE","FALSE","20"
"79","2019","05/11/2019","1459","1456","1448","1467","0","2","FALSE","TRUE","20"
"80","2019","05/18/2019","1448","1477","1456","1469","1","0","TRUE","FALSE","20"
"81","2019","05/25/2019","1456","1520","1465","1511","1","0","TRUE","FALSE","20"
"82","2019","05/29/2019","1465","1615","1458","1622","0","3","FALSE","TRUE","20"
"83","2019","06/02/2019","1458","1530","1447","1541","2","3","TRUE","FALSE","20"
"84","2019","06/08/2019","1447","1388","1438","1397","0","1","FALSE","TRUE","20"
"85","2019","06/29/2019","1438","1396","1451","1383","7","1","TRUE","FALSE","20"
"86","2019","07/03/2019","1451","1460","1462","1449","3","1","TRUE","FALSE","20"
"87","2019","07/06/2019","1462","1502","1476","1488","3","2","FALSE","TRUE","20"
"88","2019","07/13/2019","1476","1520","1484","1512","1","0","TRUE","FALSE","20"
"89","2019","07/20/2019","1484","1522","1488","1518","1","1","FALSE","TRUE","20"
"90","2019","07/27/2019","1488","1411","1483","1416","0","0","TRUE","FALSE","20"
"91","2019","08/04/2019","1483","1574","1493","1564","1","0","TRUE","FALSE","20"
"92","2019","08/10/2019","1493","1514","1483","1524","3","5","FALSE","TRUE","20"
"93","2019","08/14/2019","1483","1422","1489","1416","1","0","TRUE","FALSE","20"
"94","2019","08/17/2019","1489","1451","1485","1455","1","1","TRUE","FALSE","20"
"95","2019","08/22/2019","1485","1493","1478","1500","0","1","FALSE","TRUE","20"
"96","2019","09/01/2019","1478","1688","1504","1662","2","0","FALSE","TRUE","20"
"97","2019","09/11/2019","1504","1428","1490","1442","0","2","FALSE","TRUE","20"
"98","2019","09/15/2019","1490","1550","1503","1537","3","1","TRUE","FALSE","20"
"99","2019","09/22/2019","1503","1523","1506","1520","0","0","FALSE","TRUE","20"
"100","2019","09/25/2019","1506","1471","1512","1465","2","1","TRUE","FALSE","20"
"101","2019","09/29/2019","1512","1657","1513","1656","1","1","TRUE","FALSE","20"
"102","2019","10/06/2019","1513","1552","1507","1558","0","1","FALSE","TRUE","20"
"103","2019","10/20/2019","1507","1492","1487","1512","1","2","TRUE","FALSE","30"
"104","2020","03/01/2020","1490","1512","1510","1492","3","1","FALSE","TRUE","20"
"105","2020","03/07/2020","1510","1461","1530","1441","5","2","FALSE","TRUE","20"
"106","2020","07/12/2020","1530","1493","1539","1484","2","1","FALSE","FALSE","20"
"107","2020","07/17/2020","1539","1533","1539","1533","0","0","FALSE","FALSE","20"
"108","2020","07/22/2020","1539","1480","1537","1482","2","2","FALSE","FALSE","20"
"109","2020","07/28/2020","1537","1538","1537","1538","1","1","FALSE","FALSE","30"
"110","2020","08/01/2020","1537","1502","1568","1471","4","1","FALSE","FALSE","40"
"111","2020","08/06/2020","1568","1483","1522","1529","1","3","FALSE","FALSE","50"
"112","2020","08/21/2020","1522","1481","1508","1495","1","2","TRUE","FALSE","20"
"113","2020","08/29/2020","1508","1494","1497","1505","1","3","FALSE","TRUE","20"
"114","2020","09/02/2020","1497","1467","1483","1481","0","3","FALSE","TRUE","20"
"115","2020","09/06/2020","1483","1513","1498","1498","4","0","TRUE","FALSE","20"
"116","2020","09/09/2020","1498","1507","1505","1500","3","2","TRUE","FALSE","20"
"117","2020","09/13/2020","1505","1464","1497","1472","0","1","FALSE","TRUE","20"
"118","2020","09/19/2020","1497","1483","1499","1481","2","2","FALSE","TRUE","20"
"119","2020","09/23/2020","1499","1561","1493","1567","1","2","FALSE","TRUE","20"
"120","2020","09/27/2020","1493","1484","1490","1487","0","0","TRUE","FALSE","20"
"121","2020","10/03/2020","1490","1389","1497","1382","2","0","TRUE","FALSE","20"
"122","2020","10/06/2020","1497","1494","1500","1491","0","0","FALSE","TRUE","20"
"123","2020","10/18/2020","1500","1444","1496","1448","2","2","TRUE","FALSE","20"
"124","2020","10/24/2020","1496","1370","1505","1361","1","0","FALSE","TRUE","20"
"125","2020","10/28/2020","1505","1491","1512","1484","2","1","TRUE","FALSE","20"
"126","2020","11/04/2020","1512","1467","1508","1471","2","2","TRUE","FALSE","20"
"127","2020","11/08/2020","1508","1530","1522","1516","3","0","TRUE","FALSE","20"
"128","2020","11/22/2020","1522","1527","1541","1508","3","0","TRUE","FALSE","30"
"129","2020","12/03/2020","1541","1509","1583","1467","3","0","FALSE","TRUE","40"
"130","2020","12/07/2020","1583","1643","1569","1657","2","3","FALSE","TRUE","50"
