"","Year","Date","A_Elo_Before","B_Elo_Before","A_Elo_After","B_Elo_After","A_Score","B_Score","A_Home","B_Home","Weight"
"1",2015,"03/08/2015",1500,1500,1503,1497,1,1,FALSE,TRUE,20
"2",2015,"03/15/2015",1503,1556,1516,1543,2,0,TRUE,FALSE,20
"3",2015,"03/21/2015",1516,1430,1516,1430,0,0,FALSE,TRUE,20
"4",2015,"03/28/2015",1516,1489,1502,1503,0,1,TRUE,FALSE,20
"5",2015,"04/11/2015",1502,1461,1494,1469,1,2,FALSE,TRUE,20
"6",2015,"04/16/2015",1494,1469,1491,1472,1,1,TRUE,FALSE,20
"7",2015,"04/19/2015",1491,1530,1479,1542,0,1,TRUE,FALSE,20
"8",2015,"04/24/2015",1479,1459,1471,1467,0,1,FALSE,TRUE,20
"9",2015,"05/03/2015",1471,1587,1457,1601,1,3,TRUE,FALSE,20
"10",2015,"05/10/2015",1457,1549,1452,1554,1,2,FALSE,TRUE,20
"11",2015,"05/15/2015",1452,1450,1449,1453,2,2,TRUE,FALSE,20
"12",2015,"05/23/2015",1449,1519,1441,1527,0,2,FALSE,TRUE,20
"13",2015,"05/30/2015",1441,1459,1439,1461,1,1,TRUE,FALSE,20
"14",2015,"06/06/2015",1439,1472,1453,1458,2,1,FALSE,TRUE,20
"15",2015,"06/13/2015",1453,1450,1464,1439,3,1,TRUE,FALSE,20
"16",2015,"06/20/2015",1464,1491,1484,1471,2,0,FALSE,TRUE,20
"17",2015,"06/28/2015",1484,1511,1466,1529,1,3,TRUE,FALSE,20
"18",2015,"07/04/2015",1466,1446,1478,1434,2,1,FALSE,TRUE,20
"19",2015,"07/12/2015",1478,1471,1475,1474,4,4,TRUE,FALSE,20
"20",2015,"07/18/2015",1475,1500,1468,1507,0,1,FALSE,TRUE,20
"21",2015,"07/26/2015",1468,1470,1479,1459,5,3,TRUE,FALSE,20
"22",2015,"08/01/2015",1479,1455,1466,1468,2,3,TRUE,FALSE,20
"23",2015,"08/09/2015",1466,1566,1459,1573,0,2,FALSE,TRUE,20
"24",2015,"08/13/2015",1459,1562,1474,1547,3,1,TRUE,FALSE,20
"25",2015,"08/19/2015",1474,1494,1477,1491,2,2,FALSE,TRUE,20
"26",2015,"08/23/2015",1477,1611,1469,1619,1,5,FALSE,TRUE,20
"27",2015,"08/29/2015",1469,1500,1457,1512,1,2,TRUE,FALSE,20
"28",2015,"09/12/2015",1457,1573,1453,1577,1,2,FALSE,TRUE,20
"29",2015,"09/16/2015",1453,1461,1464,1450,2,0,TRUE,FALSE,20
"30",2015,"09/19/2015",1464,1504,1472,1496,3,2,TRUE,FALSE,20
"31",2015,"09/26/2015",1472,1543,1487,1528,2,1,FALSE,TRUE,20
"32",2015,"10/02/2015",1487,1491,1480,1498,1,2,FALSE,TRUE,20
"33",2015,"10/16/2015",1480,1486,1473,1493,1,2,FALSE,TRUE,20
"34",2015,"10/25/2015",1473,1517,1456,1534,1,3,TRUE,FALSE,20
"35",2016,"03/06/2016",1467,1428,1479,1416,4,3,FALSE,TRUE,20
"36",2016,"03/13/2016",1479,1485,1476,1488,2,2,TRUE,FALSE,20
"37",2016,"03/18/2016",1476,1481,1463,1494,0,1,TRUE,FALSE,20
"38",2016,"03/26/2016",1463,1501,1461,1503,1,1,TRUE,FALSE,20
"39",2016,"04/10/2016",1461,1429,1457,1433,0,0,TRUE,FALSE,20
"40",2016,"04/16/2016",1457,1493,1451,1499,2,3,FALSE,TRUE,20
"41",2016,"04/23/2016",1451,1483,1441,1493,0,2,FALSE,TRUE,20
"42",2016,"04/27/2016",1441,1517,1440,1518,1,1,TRUE,FALSE,20
"43",2016,"04/30/2016",1440,1494,1449,1485,3,2,TRUE,FALSE,20
"44",2016,"05/08/2016",1449,1475,1469,1455,2,0,FALSE,TRUE,20
"45",2016,"05/15/2016",1469,1566,1484,1551,2,1,FALSE,TRUE,20
"46",2016,"05/18/2016",1484,1501,1487,1498,1,1,FALSE,TRUE,20
"47",2016,"05/21/2016",1487,1512,1460,1539,0,7,TRUE,FALSE,20
"48",2016,"05/29/2016",1460,1493,1458,1495,2,2,TRUE,FALSE,20
"49",2016,"06/02/2016",1458,1522,1447,1533,2,3,TRUE,FALSE,20
"50",2016,"06/18/2016",1447,1514,1456,1505,3,2,TRUE,FALSE,20
"51",2016,"06/25/2016",1456,1511,1477,1490,2,0,FALSE,TRUE,20
"52",2016,"07/03/2016",1477,1553,1491,1539,2,0,TRUE,FALSE,20
"53",2016,"07/06/2016",1491,1478,1503,1466,1,0,FALSE,TRUE,20
"54",2016,"07/10/2016",1503,1501,1492,1512,1,3,FALSE,TRUE,20
"55",2016,"07/17/2016",1492,1526,1513,1505,3,1,FALSE,TRUE,20
"56",2016,"07/24/2016",1513,1548,1502,1559,1,4,FALSE,TRUE,20
"57",2016,"07/30/2016",1502,1536,1517,1521,5,1,TRUE,FALSE,20
"58",2016,"08/05/2016",1517,1506,1520,1503,0,0,FALSE,TRUE,20
"59",2016,"08/13/2016",1520,1457,1521,1456,3,3,FALSE,TRUE,20
"60",2016,"08/20/2016",1521,1586,1530,1577,1,0,TRUE,FALSE,20
"61",2016,"08/28/2016",1530,1467,1521,1476,1,2,FALSE,TRUE,20
"62",2016,"09/01/2016",1521,1482,1527,1476,3,2,TRUE,FALSE,20
"63",2016,"09/10/2016",1527,1439,1513,1453,1,3,FALSE,TRUE,20
"64",2016,"09/17/2016",1513,1578,1512,1579,2,2,TRUE,FALSE,20
"65",2016,"09/23/2016",1512,1423,1521,1414,4,1,TRUE,FALSE,20
"66",2016,"09/30/2016",1521,1479,1538,1462,2,0,FALSE,TRUE,20
"67",2016,"10/16/2016",1538,1520,1526,1532,1,3,FALSE,TRUE,20
"68",2016,"10/23/2016",1526,1478,1536,1468,4,1,TRUE,FALSE,20
"69",2016,"10/30/2016",1536,1541,1515,1562,0,2,FALSE,TRUE,40
"70",2016,"11/06/2016",1515,1562,1469,1608,0,5,TRUE,FALSE,40
"71",2017,"03/05/2017",1477,1486,1470,1493,0,1,FALSE,TRUE,20
"72",2017,"03/12/2017",1470,1491,1485,1476,4,0,TRUE,FALSE,20
"73",2017,"03/18/2017",1485,1517,1483,1519,1,1,TRUE,FALSE,20
"74",2017,"04/01/2017",1483,1474,1490,1467,2,1,TRUE,FALSE,20
"75",2017,"04/08/2017",1490,1463,1482,1471,1,2,FALSE,TRUE,20
"76",2017,"04/14/2017",1482,1429,1499,1412,2,0,FALSE,TRUE,20
"77",2017,"04/23/2017",1499,1504,1486,1517,1,2,TRUE,FALSE,20
"78",2017,"04/29/2017",1486,1492,1499,1479,3,2,FALSE,TRUE,20
"79",2017,"05/07/2017",1499,1520,1511,1508,3,1,TRUE,FALSE,20
"80",2017,"05/14/2017",1511,1605,1516,1600,1,1,FALSE,TRUE,20
"81",2017,"05/17/2017",1516,1423,1506,1433,1,2,FALSE,TRUE,20
"82",2017,"05/21/2017",1506,1505,1528,1483,3,0,FALSE,TRUE,20
"83",2017,"05/28/2017",1528,1523,1517,1534,1,3,FALSE,TRUE,20
"84",2017,"05/31/2017",1517,1485,1513,1489,2,2,TRUE,FALSE,20
"85",2017,"06/03/2017",1513,1471,1519,1465,2,1,TRUE,FALSE,20
"86",2017,"06/17/2017",1519,1546,1527,1538,2,1,TRUE,FALSE,20
"87",2017,"06/24/2017",1527,1517,1546,1498,2,0,FALSE,TRUE,20
"88",2017,"06/29/2017",1546,1451,1553,1444,3,1,TRUE,FALSE,20
"89",2017,"07/05/2017",1553,1486,1544,1495,2,3,FALSE,TRUE,20
"90",2017,"07/19/2017",1544,1622,1543,1623,2,2,TRUE,FALSE,20
"91",2017,"07/22/2017",1543,1554,1550,1547,2,1,TRUE,FALSE,20
"92",2017,"07/30/2017",1550,1616,1540,1626,0,4,FALSE,TRUE,20
"93",2017,"08/06/2017",1540,1551,1547,1544,3,2,TRUE,FALSE,20
"94",2017,"08/12/2017",1547,1474,1563,1458,2,0,FALSE,TRUE,20
"95",2017,"08/20/2017",1563,1482,1568,1477,2,1,TRUE,FALSE,20
"96",2017,"08/25/2017",1568,1539,1570,1537,1,1,FALSE,TRUE,20
"97",2017,"09/06/2017",1570,1554,1577,1547,1,0,TRUE,FALSE,20
"98",2017,"09/09/2017",1577,1528,1563,1542,0,1,TRUE,FALSE,20
"99",2017,"09/16/2017",1563,1419,1562,1420,1,1,FALSE,TRUE,20
"100",2017,"09/23/2017",1562,1491,1557,1496,1,1,TRUE,FALSE,20
"101",2017,"09/27/2017",1557,1504,1568,1493,1,0,FALSE,TRUE,20
"102",2017,"09/30/2017",1568,1520,1569,1519,1,1,FALSE,TRUE,20
"103",2017,"10/15/2017",1569,1464,1559,1474,1,2,FALSE,TRUE,20
"104",2017,"10/22/2017",1559,1536,1556,1539,2,2,TRUE,FALSE,20
"105",2017,"10/31/2017",1556,1543,1530,1569,1,4,FALSE,TRUE,40
"106",2017,"11/05/2017",1530,1569,1555,1544,2,0,TRUE,FALSE,40
"107",2018,"03/04/2018",1541,1513,1559,1495,2,0,FALSE,TRUE,20
"108",2018,"03/11/2018",1559,1453,1564,1448,2,1,TRUE,FALSE,20
"109",2018,"03/17/2018",1564,1429,1570,1423,2,0,TRUE,FALSE,20
"110",2018,"03/24/2018",1570,1485,1570,1485,2,2,FALSE,TRUE,20
"111",2018,"03/31/2018",1570,1451,1579,1442,2,1,FALSE,TRUE,20
"112",2018,"04/11/2018",1579,1492,1589,1482,4,0,TRUE,FALSE,20
"113",2018,"04/15/2018",1589,1575,1591,1573,2,2,FALSE,TRUE,20
"114",2018,"04/22/2018",1591,1501,1574,1518,0,3,FALSE,TRUE,20
"115",2018,"04/29/2018",1574,1530,1583,1521,3,1,TRUE,FALSE,20
"116",2018,"05/05/2018",1583,1559,1568,1574,0,4,FALSE,TRUE,20
"117",2018,"05/13/2018",1568,1561,1571,1558,2,2,FALSE,TRUE,20
"118",2018,"05/19/2018",1571,1433,1579,1425,4,0,TRUE,FALSE,20
"119",2018,"05/25/2018",1579,1513,1565,1527,1,3,FALSE,TRUE,20
"120",2018,"06/02/2018",1565,1467,1573,1459,3,0,TRUE,FALSE,20
"121",2018,"06/09/2018",1573,1582,1570,1585,1,1,TRUE,FALSE,20
"122",2018,"06/24/2018",1570,1561,1577,1554,2,1,TRUE,FALSE,20
"123",2018,"06/30/2018",1577,1467,1567,1477,2,3,FALSE,TRUE,20
"124",2018,"07/08/2018",1567,1617,1576,1608,1,0,TRUE,FALSE,20
"125",2018,"07/11/2018",1576,1468,1584,1460,3,0,TRUE,FALSE,20
"126",2018,"07/14/2018",1584,1515,1592,1507,2,0,TRUE,FALSE,20
"127",2018,"07/26/2018",1592,1409,1603,1398,2,0,FALSE,TRUE,20
"128",2018,"07/29/2018",1603,1547,1590,1560,1,3,FALSE,TRUE,20
"129",2018,"08/04/2018",1590,1470,1584,1476,2,2,TRUE,FALSE,20
"130",2018,"08/12/2018",1584,1549,1596,1537,3,2,FALSE,TRUE,20
"131",2018,"08/18/2018",1596,1480,1580,1496,0,2,FALSE,TRUE,20
"132",2018,"08/22/2018",1580,1624,1578,1626,1,1,TRUE,FALSE,20
"133",2018,"09/01/2018",1578,1526,1569,1535,1,2,FALSE,TRUE,20
"134",2018,"09/05/2018",1569,1453,1553,1469,0,1,TRUE,FALSE,20
"135",2018,"09/08/2018",1553,1474,1548,1479,1,1,TRUE,FALSE,20
"136",2018,"09/22/2018",1548,1509,1550,1507,1,1,FALSE,TRUE,20
"137",2018,"09/26/2018",1550,1427,1557,1420,2,0,TRUE,FALSE,20
"138",2018,"09/29/2018",1557,1434,1546,1445,1,2,FALSE,TRUE,20
"139",2018,"10/21/2018",1546,1524,1534,1536,1,3,FALSE,TRUE,20
"140",2018,"10/28/2018",1534,1528,1545,1517,3,1,TRUE,FALSE,20
"141",2018,"10/31/2018",1545,1517,1557,1505,3,1,TRUE,FALSE,25
"142",2018,"11/04/2018",1557,1613,1534,1636,0,1,TRUE,FALSE,40
"143",2018,"11/11/2018",1534,1636,1520,1650,1,3,FALSE,TRUE,40
"144",2019,"03/02/2019",1515,1394,1514,1395,2,2,FALSE,TRUE,20
"145",2019,"03/10/2019",1514,1540,1512,1542,0,0,TRUE,FALSE,20
"146",2019,"03/17/2019",1512,1545,1510,1547,2,2,TRUE,FALSE,20
"147",2019,"03/29/2019",1510,1533,1498,1545,0,4,FALSE,TRUE,20
"148",2019,"04/06/2019",1498,1509,1495,1512,0,0,TRUE,FALSE,20
"149",2019,"04/13/2019",1495,1455,1497,1453,3,3,FALSE,TRUE,20
"150",2019,"04/21/2019",1497,1544,1518,1523,2,0,FALSE,TRUE,20
"151",2019,"04/24/2019",1518,1447,1523,1442,1,0,TRUE,FALSE,20
"152",2019,"04/27/2019",1523,1403,1517,1409,1,1,TRUE,FALSE,20
"153",2019,"05/04/2019",1517,1535,1537,1515,2,0,FALSE,TRUE,20
"154",2019,"05/11/2019",1537,1529,1556,1510,2,0,FALSE,TRUE,20
"155",2019,"05/25/2019",1556,1451,1556,1451,1,1,FALSE,TRUE,20
"156",2019,"06/01/2019",1556,1459,1556,1459,2,2,FALSE,TRUE,20
"157",2019,"06/06/2019",1556,1418,1563,1411,5,2,TRUE,FALSE,20
"158",2019,"06/29/2019",1563,1549,1573,1539,4,2,TRUE,FALSE,20
"159",2019,"07/03/2019",1573,1575,1586,1562,3,0,TRUE,FALSE,20
"160",2019,"07/07/2019",1586,1547,1572,1561,0,1,TRUE,FALSE,20
"161",2019,"07/14/2019",1572,1578,1565,1585,1,2,FALSE,TRUE,20
"162",2019,"07/20/2019",1565,1410,1573,1402,2,1,FALSE,TRUE,20
"163",2019,"07/26/2019",1573,1500,1581,1492,3,1,TRUE,FALSE,20
"164",2019,"08/03/2019",1581,1521,1568,1534,1,3,FALSE,TRUE,20
"165",2019,"08/08/2019",1568,1458,1573,1453,3,2,TRUE,FALSE,20
"166",2019,"08/11/2019",1573,1606,1567,1612,1,2,FALSE,TRUE,20
"167",2019,"08/17/2019",1567,1363,1579,1351,4,1,FALSE,TRUE,20
"168",2019,"08/21/2019",1579,1434,1583,1430,1,0,TRUE,FALSE,20
"169",2019,"08/24/2019",1583,1571,1590,1564,2,1,TRUE,FALSE,20
"170",2019,"08/31/2019",1590,1415,1602,1403,3,1,FALSE,TRUE,20
"171",2019,"09/07/2019",1602,1498,1607,1493,2,1,TRUE,FALSE,20
"172",2019,"09/11/2019",1607,1511,1602,1516,1,1,TRUE,FALSE,20
"173",2019,"09/14/2019",1602,1491,1607,1486,2,1,TRUE,FALSE,20
"174",2019,"09/22/2019",1607,1515,1607,1515,1,1,FALSE,TRUE,20
"175",2019,"09/25/2019",1607,1613,1620,1600,4,1,TRUE,FALSE,20
"176",2019,"09/29/2019",1620,1496,1604,1512,0,2,FALSE,TRUE,20
"177",2019,"10/06/2019",1604,1544,1615,1533,2,1,FALSE,TRUE,20
"178",2019,"10/23/2019",1615,1554,1586,1583,1,2,TRUE,FALSE,40
"179",2020,"03/01/2020",1564,1484,1555,1493,0,1,FALSE,TRUE,20
"180",2020,"03/07/2020",1555,1567,1548,1574,0,1,FALSE,TRUE,20
"181",2020,"07/09/2020",1548,1514,1537,1525,0,1,FALSE,FALSE,20
"182",2020,"07/14/2020",1537,1439,1518,1458,1,3,FALSE,FALSE,20
"183",2020,"07/20/2020",1518,1467,1527,1458,1,0,FALSE,FALSE,20
"184",2020,"07/26/2020",1527,1577,1553,1551,3,1,FALSE,FALSE,30
"185",2020,"08/01/2020",1553,1514,1520,1547,1,3,FALSE,FALSE,40
"186",2020,"08/20/2020",1520,1501,1512,1509,0,1,FALSE,TRUE,20
"187",2020,"08/24/2020",1512,1548,1520,1540,1,0,TRUE,FALSE,20
"188",2020,"08/29/2020",1520,1474,1529,1465,3,1,TRUE,FALSE,20
"189",2020,"09/02/2020",1529,1493,1547,1475,2,0,FALSE,TRUE,20
"190",2020,"09/06/2020",1547,1476,1548,1475,0,0,FALSE,TRUE,20
"191",2020,"09/12/2020",1548,1382,1552,1378,2,1,TRUE,FALSE,20
"192",2020,"09/19/2020",1552,1483,1553,1482,0,0,FALSE,TRUE,20
"193",2020,"09/23/2020",1553,1556,1540,1569,0,1,TRUE,FALSE,20
"194",2020,"09/26/2020",1540,1396,1547,1389,4,0,TRUE,FALSE,20
"195",2020,"10/03/2020",1547,1450,1557,1440,3,2,FALSE,TRUE,20
"196",2020,"10/07/2020",1557,1411,1564,1404,4,1,TRUE,FALSE,20
"197",2020,"10/11/2020",1564,1495,1549,1510,1,2,TRUE,FALSE,20
"198",2020,"10/14/2020",1549,1564,1552,1561,1,1,FALSE,TRUE,20
"199",2020,"10/18/2020",1552,1530,1540,1542,1,3,FALSE,TRUE,20
"200",2020,"10/24/2020",1540,1427,1547,1420,3,1,TRUE,FALSE,20
"201",2020,"10/28/2020",1547,1592,1561,1578,1,0,FALSE,TRUE,20
"202",2020,"11/01/2020",1561,1512,1571,1502,5,2,TRUE,FALSE,20
"203",2020,"11/08/2020",1571,1471,1581,1461,4,3,FALSE,TRUE,20
"204",2020,"11/21/2020",1581,1561,1584,1558,1,1,FALSE,TRUE,30
