"","Year","Date","A_Elo_Before","B_Elo_Before","A_Elo_After","B_Elo_After","A_Score","B_Score","A_Home","B_Home","Weight"
"1",2015,"03/08/2015",1500,1500,1497,1503,1,1,TRUE,FALSE,20
"2",2015,"03/13/2015",1497,1464,1509,1452,1,0,FALSE,TRUE,20
"3",2015,"03/21/2015",1509,1509,1496,1522,0,1,TRUE,FALSE,20
"4",2015,"03/28/2015",1496,1431,1497,1430,2,2,FALSE,TRUE,20
"5",2015,"04/03/2015",1497,1531,1485,1543,0,1,TRUE,FALSE,20
"6",2015,"04/12/2015",1485,1552,1507,1530,2,0,FALSE,TRUE,20
"7",2015,"04/18/2015",1507,1489,1494,1502,0,3,FALSE,TRUE,20
"8",2015,"04/26/2015",1494,1429,1472,1451,0,2,TRUE,FALSE,20
"9",2015,"05/08/2015",1472,1583,1472,1583,2,2,TRUE,FALSE,20
"10",2015,"05/13/2015",1472,1554,1467,1559,1,2,FALSE,TRUE,20
"11",2015,"05/17/2015",1467,1594,1487,1574,4,0,TRUE,FALSE,20
"12",2015,"05/24/2015",1487,1485,1490,1482,1,1,FALSE,TRUE,20
"13",2015,"05/30/2015",1490,1498,1487,1501,2,2,TRUE,FALSE,20
"14",2015,"06/06/2015",1487,1461,1499,1449,3,2,FALSE,TRUE,20
"15",2015,"06/14/2015",1499,1541,1507,1533,1,0,TRUE,FALSE,20
"16",2015,"06/20/2015",1507,1439,1493,1453,0,2,FALSE,TRUE,20
"17",2015,"06/24/2015",1493,1443,1502,1434,2,0,TRUE,FALSE,20
"18",2015,"07/04/2015",1502,1505,1505,1502,1,1,FALSE,TRUE,20
"19",2015,"07/11/2015",1505,1544,1487,1562,0,2,TRUE,FALSE,20
"20",2015,"07/18/2015",1487,1533,1470,1550,0,2,TRUE,FALSE,20
"21",2015,"07/26/2015",1470,1468,1459,1479,3,5,FALSE,TRUE,20
"22",2015,"08/01/2015",1459,1496,1473,1482,5,2,TRUE,FALSE,20
"23",2015,"08/05/2015",1473,1474,1460,1487,1,4,FALSE,TRUE,20
"24",2015,"08/08/2015",1460,1448,1457,1451,0,0,TRUE,FALSE,20
"25",2015,"08/16/2015",1457,1505,1446,1516,0,4,FALSE,TRUE,20
"26",2015,"08/22/2015",1446,1463,1432,1477,0,5,FALSE,TRUE,20
"27",2015,"08/29/2015",1432,1438,1429,1441,1,1,TRUE,FALSE,20
"28",2015,"09/05/2015",1429,1539,1421,1547,0,3,FALSE,TRUE,20
"29",2015,"09/13/2015",1421,1533,1437,1517,3,1,TRUE,FALSE,20
"30",2015,"09/19/2015",1437,1430,1450,1417,1,0,FALSE,TRUE,20
"31",2015,"09/25/2015",1450,1594,1478,1566,5,2,FALSE,TRUE,20
"32",2015,"10/03/2015",1478,1492,1486,1484,2,1,TRUE,FALSE,20
"33",2015,"10/16/2015",1486,1480,1493,1473,2,1,TRUE,FALSE,20
"34",2015,"10/25/2015",1493,1451,1485,1459,0,1,FALSE,TRUE,20
"35",2016,"03/06/2016",1489,1492,1486,1495,2,2,TRUE,FALSE,20
"36",2016,"03/11/2016",1486,1416,1481,1421,1,1,TRUE,FALSE,20
"37",2016,"03/18/2016",1481,1476,1494,1463,1,0,FALSE,TRUE,20
"38",2016,"04/03/2016",1494,1604,1512,1586,4,1,TRUE,FALSE,20
"39",2016,"04/08/2016",1512,1481,1504,1489,1,2,FALSE,TRUE,20
"40",2016,"04/17/2016",1504,1507,1501,1510,2,2,TRUE,FALSE,20
"41",2016,"04/24/2016",1501,1494,1494,1501,2,3,FALSE,TRUE,20
"42",2016,"04/30/2016",1494,1494,1497,1491,2,2,FALSE,TRUE,20
"43",2016,"05/06/2016",1497,1518,1495,1520,1,1,TRUE,FALSE,20
"44",2016,"05/15/2016",1495,1495,1488,1502,1,2,FALSE,TRUE,20
"45",2016,"05/21/2016",1488,1514,1496,1506,2,1,TRUE,FALSE,20
"46",2016,"05/25/2016",1496,1501,1493,1504,2,2,TRUE,FALSE,20
"47",2016,"05/29/2016",1493,1460,1495,1458,2,2,FALSE,TRUE,20
"48",2016,"06/18/2016",1495,1516,1493,1518,2,2,TRUE,FALSE,20
"49",2016,"06/25/2016",1493,1494,1500,1487,3,2,TRUE,FALSE,20
"50",2016,"07/04/2016",1500,1564,1489,1575,0,4,FALSE,TRUE,20
"51",2016,"07/08/2016",1489,1458,1485,1462,0,0,TRUE,FALSE,20
"52",2016,"07/13/2016",1485,1537,1476,1546,0,2,FALSE,TRUE,20
"53",2016,"07/16/2016",1476,1501,1479,1498,2,2,FALSE,TRUE,20
"54",2016,"07/23/2016",1479,1471,1482,1468,2,2,FALSE,TRUE,20
"55",2016,"07/31/2016",1482,1487,1493,1476,3,1,TRUE,FALSE,20
"56",2016,"08/07/2016",1493,1481,1473,1501,1,3,TRUE,FALSE,20
"57",2016,"08/14/2016",1473,1402,1474,1401,2,2,FALSE,TRUE,20
"58",2016,"08/20/2016",1474,1535,1478,1531,0,0,FALSE,TRUE,20
"59",2016,"08/24/2016",1478,1544,1467,1555,1,2,TRUE,FALSE,20
"60",2016,"08/28/2016",1467,1530,1476,1521,2,1,TRUE,FALSE,20
"61",2016,"09/07/2016",1476,1501,1500,1477,4,1,FALSE,TRUE,20
"62",2016,"09/11/2016",1500,1576,1492,1584,2,4,FALSE,TRUE,20
"63",2016,"09/17/2016",1492,1449,1468,1473,1,4,TRUE,FALSE,20
"64",2016,"09/24/2016",1468,1482,1456,1494,1,4,FALSE,TRUE,20
"65",2016,"09/28/2016",1456,1544,1461,1539,0,0,FALSE,TRUE,20
"66",2016,"10/02/2016",1461,1468,1448,1481,0,1,TRUE,FALSE,20
"67",2016,"10/16/2016",1448,1479,1468,1459,2,0,FALSE,TRUE,20
"68",2016,"10/23/2016",1468,1532,1481,1519,4,2,TRUE,FALSE,20
"69",2017,"03/05/2017",1486,1477,1493,1470,1,0,TRUE,FALSE,20
"70",2017,"03/18/2017",1493,1457,1499,1451,2,1,TRUE,FALSE,20
"71",2017,"04/01/2017",1499,1490,1488,1501,0,2,FALSE,TRUE,20
"72",2017,"04/09/2017",1488,1531,1496,1523,1,0,TRUE,FALSE,20
"73",2017,"04/15/2017",1496,1533,1504,1525,2,1,TRUE,FALSE,20
"74",2017,"04/23/2017",1504,1499,1517,1486,2,1,FALSE,TRUE,20
"75",2017,"04/29/2017",1517,1463,1526,1454,2,0,TRUE,FALSE,20
"76",2017,"05/03/2017",1526,1589,1520,1595,1,2,FALSE,TRUE,20
"77",2017,"05/06/2017",1520,1482,1505,1497,0,4,FALSE,TRUE,20
"78",2017,"05/13/2017",1505,1541,1503,1543,2,2,TRUE,FALSE,20
"79",2017,"05/17/2017",1503,1475,1505,1473,1,1,FALSE,TRUE,20
"80",2017,"05/21/2017",1505,1506,1483,1528,0,3,TRUE,FALSE,20
"81",2017,"05/27/2017",1483,1454,1475,1462,0,1,FALSE,TRUE,20
"82",2017,"05/31/2017",1475,1451,1485,1441,2,0,TRUE,FALSE,20
"83",2017,"06/04/2017",1485,1504,1483,1506,0,0,TRUE,FALSE,20
"84",2017,"06/17/2017",1483,1524,1481,1526,3,3,TRUE,FALSE,20
"85",2017,"06/21/2017",1481,1538,1485,1534,1,1,FALSE,TRUE,20
"86",2017,"06/24/2017",1485,1530,1474,1541,0,4,FALSE,TRUE,20
"87",2017,"06/30/2017",1474,1421,1485,1410,1,0,FALSE,TRUE,20
"88",2017,"07/05/2017",1485,1608,1471,1622,1,3,TRUE,FALSE,20
"89",2017,"07/21/2017",1471,1543,1460,1554,0,1,TRUE,FALSE,20
"90",2017,"07/29/2017",1460,1554,1465,1549,1,1,FALSE,TRUE,20
"91",2017,"08/05/2017",1465,1490,1458,1497,1,2,FALSE,TRUE,20
"92",2017,"08/12/2017",1458,1544,1450,1552,1,3,FALSE,TRUE,20
"93",2017,"08/19/2017",1450,1488,1448,1490,1,1,TRUE,FALSE,20
"94",2017,"08/26/2017",1448,1521,1437,1532,1,2,TRUE,FALSE,20
"95",2017,"09/02/2017",1437,1468,1425,1480,0,4,FALSE,TRUE,20
"96",2017,"09/09/2017",1425,1420,1438,1407,2,1,FALSE,TRUE,20
"97",2017,"09/16/2017",1438,1565,1444,1559,3,3,FALSE,TRUE,20
"98",2017,"09/24/2017",1444,1533,1435,1542,0,3,FALSE,TRUE,20
"99",2017,"09/27/2017",1435,1480,1452,1463,6,1,TRUE,FALSE,20
"100",2017,"09/30/2017",1452,1501,1451,1502,0,0,TRUE,FALSE,20
"101",2017,"10/15/2017",1451,1525,1440,1536,0,1,TRUE,FALSE,20
"102",2017,"10/22/2017",1440,1474,1427,1487,1,6,FALSE,TRUE,20
"103",2018,"03/03/2018",1445,1423,1442,1426,1,1,TRUE,FALSE,20
"104",2018,"03/10/2018",1442,1442,1429,1455,1,2,TRUE,FALSE,20
"105",2018,"03/17/2018",1429,1564,1423,1570,0,2,FALSE,TRUE,20
"106",2018,"03/31/2018",1423,1567,1434,1556,4,3,TRUE,FALSE,20
"107",2018,"04/08/2018",1434,1504,1443,1495,3,2,TRUE,FALSE,20
"108",2018,"04/13/2018",1443,1480,1464,1459,2,0,FALSE,TRUE,20
"109",2018,"04/21/2018",1464,1444,1471,1437,3,2,TRUE,FALSE,20
"110",2018,"04/29/2018",1471,1460,1484,1447,2,1,FALSE,TRUE,20
"111",2018,"05/06/2018",1484,1483,1495,1472,3,1,TRUE,FALSE,20
"112",2018,"05/13/2018",1495,1583,1485,1593,1,2,TRUE,FALSE,20
"113",2018,"05/18/2018",1485,1556,1480,1561,1,2,FALSE,TRUE,20
"114",2018,"05/26/2018",1480,1455,1467,1468,1,2,TRUE,FALSE,20
"115",2018,"06/02/2018",1467,1565,1459,1573,0,3,FALSE,TRUE,20
"116",2018,"06/09/2018",1459,1494,1448,1505,2,5,FALSE,TRUE,20
"117",2018,"06/13/2018",1448,1413,1434,1427,0,3,FALSE,TRUE,20
"118",2018,"06/23/2018",1434,1427,1415,1446,0,2,TRUE,FALSE,20
"119",2018,"06/30/2018",1415,1599,1409,1605,0,4,FALSE,TRUE,20
"120",2018,"07/07/2018",1409,1566,1403,1572,1,4,FALSE,TRUE,20
"121",2018,"07/14/2018",1403,1535,1414,1524,2,1,TRUE,FALSE,20
"122",2018,"07/21/2018",1414,1507,1409,1512,2,3,FALSE,TRUE,20
"123",2018,"07/26/2018",1409,1592,1398,1603,0,2,TRUE,FALSE,20
"124",2018,"07/29/2018",1398,1508,1393,1513,3,4,FALSE,TRUE,20
"125",2018,"08/04/2018",1393,1484,1393,1484,3,3,TRUE,FALSE,20
"126",2018,"08/12/2018",1393,1443,1387,1449,2,3,FALSE,TRUE,20
"127",2018,"08/24/2018",1387,1623,1381,1629,1,2,TRUE,FALSE,20
"128",2018,"09/01/2018",1381,1520,1382,1519,2,2,TRUE,FALSE,20
"129",2018,"09/08/2018",1382,1565,1379,1568,0,1,FALSE,TRUE,20
"130",2018,"09/16/2018",1379,1411,1367,1423,0,4,FALSE,TRUE,20
"131",2018,"09/22/2018",1367,1464,1367,1464,0,0,TRUE,FALSE,20
"132",2018,"10/06/2018",1367,1558,1362,1563,0,2,FALSE,TRUE,20
"133",2018,"10/13/2018",1362,1455,1355,1462,0,2,FALSE,TRUE,20
"134",2018,"10/17/2018",1355,1594,1349,1600,1,2,TRUE,FALSE,20
"135",2018,"10/21/2018",1349,1516,1361,1504,2,1,TRUE,FALSE,20
"136",2018,"10/28/2018",1361,1649,1359,1651,0,1,FALSE,TRUE,20
"137",2019,"03/02/2019",1394,1515,1395,1514,2,2,TRUE,FALSE,20
"138",2019,"03/09/2019",1395,1440,1399,1436,1,1,FALSE,TRUE,20
"139",2019,"03/16/2019",1399,1507,1384,1522,1,3,TRUE,FALSE,20
"140",2019,"03/23/2019",1384,1608,1401,1591,1,0,FALSE,TRUE,20
"141",2019,"03/31/2019",1401,1555,1393,1563,1,2,TRUE,FALSE,20
"142",2019,"04/06/2019",1393,1391,1400,1384,4,3,TRUE,FALSE,20
"143",2019,"04/13/2019",1400,1467,1394,1473,1,2,FALSE,TRUE,20
"144",2019,"04/20/2019",1394,1458,1403,1449,1,0,TRUE,FALSE,20
"145",2019,"04/27/2019",1403,1523,1409,1517,1,1,FALSE,TRUE,20
"146",2019,"05/04/2019",1409,1526,1395,1540,0,2,TRUE,FALSE,20
"147",2019,"05/12/2019",1395,1624,1392,1627,0,1,FALSE,TRUE,20
"148",2019,"05/15/2019",1392,1595,1389,1598,1,2,FALSE,TRUE,20
"149",2019,"05/19/2019",1389,1462,1406,1445,5,1,TRUE,FALSE,20
"150",2019,"05/24/2019",1406,1494,1396,1504,0,1,TRUE,FALSE,20
"151",2019,"06/01/2019",1396,1515,1423,1488,3,0,FALSE,TRUE,20
"152",2019,"06/26/2019",1423,1525,1418,1530,0,1,FALSE,TRUE,20
"153",2019,"06/29/2019",1418,1448,1438,1428,2,0,FALSE,TRUE,20
"154",2019,"07/03/2019",1438,1539,1423,1554,1,3,TRUE,FALSE,20
"155",2019,"07/07/2019",1423,1554,1429,1548,2,2,FALSE,TRUE,20
"156",2019,"07/13/2019",1429,1414,1436,1407,1,0,TRUE,FALSE,20
"157",2019,"07/18/2019",1436,1555,1442,1549,1,1,FALSE,TRUE,20
"158",2019,"07/21/2019",1442,1571,1433,1580,0,1,TRUE,FALSE,20
"159",2019,"07/27/2019",1433,1487,1423,1497,1,4,FALSE,TRUE,20
"160",2019,"08/03/2019",1423,1529,1438,1514,2,0,TRUE,FALSE,20
"161",2019,"08/10/2019",1438,1490,1442,1486,1,1,FALSE,TRUE,20
"162",2019,"08/14/2019",1442,1495,1451,1486,1,0,TRUE,FALSE,20
"163",2019,"08/17/2019",1451,1489,1455,1485,1,1,FALSE,TRUE,20
"164",2019,"08/23/2019",1455,1630,1447,1638,0,1,TRUE,FALSE,20
"165",2019,"08/31/2019",1447,1486,1436,1497,0,3,FALSE,TRUE,20
"166",2019,"09/07/2019",1436,1662,1439,1659,2,2,TRUE,FALSE,20
"167",2019,"09/14/2019",1439,1493,1438,1494,3,3,TRUE,FALSE,20
"168",2019,"09/21/2019",1438,1434,1431,1441,1,2,FALSE,TRUE,20
"169",2019,"09/29/2019",1431,1325,1431,1325,1,1,FALSE,TRUE,20
"170",2019,"10/06/2019",1431,1476,1411,1496,2,5,TRUE,FALSE,20
"171",2020,"02/29/2020",1433,1522,1433,1522,0,0,TRUE,FALSE,20
"172",2020,"03/07/2020",1433,1498,1427,1504,1,2,FALSE,TRUE,20
"173",2020,"07/08/2020",1427,1488,1439,1476,2,1,FALSE,FALSE,20
"174",2020,"07/14/2020",1439,1537,1458,1518,3,1,FALSE,FALSE,20
"175",2020,"07/20/2020",1458,1534,1460,1532,1,1,FALSE,FALSE,20
"176",2020,"07/25/2020",1460,1458,1475,1443,1,0,FALSE,FALSE,30
"177",2020,"07/31/2020",1475,1623,1483,1615,1,1,FALSE,FALSE,40
"178",2020,"08/06/2020",1483,1568,1529,1522,3,1,FALSE,FALSE,50
"179",2020,"08/11/2020",1529,1574,1503,1600,1,2,FALSE,FALSE,60
"180",2020,"08/22/2020",1503,1458,1495,1466,2,3,FALSE,TRUE,20
"181",2020,"08/26/2020",1495,1490,1506,1479,3,1,TRUE,FALSE,20
"182",2020,"08/29/2020",1506,1554,1527,1533,3,1,FALSE,TRUE,20
"183",2020,"09/02/2020",1527,1486,1529,1484,1,1,FALSE,TRUE,20
"184",2020,"09/05/2020",1529,1528,1526,1531,1,1,TRUE,FALSE,20
"185",2020,"09/12/2020",1526,1471,1532,1465,2,1,TRUE,FALSE,20
"186",2020,"09/19/2020",1532,1453,1541,1444,4,1,TRUE,FALSE,20
"187",2020,"09/23/2020",1541,1460,1552,1449,2,1,FALSE,TRUE,20
"188",2020,"09/27/2020",1552,1523,1554,1521,0,0,FALSE,TRUE,20
"189",2020,"10/03/2020",1554,1509,1563,1500,3,1,TRUE,FALSE,20
"190",2020,"10/07/2020",1563,1512,1564,1511,0,0,FALSE,TRUE,20
"191",2020,"10/14/2020",1564,1549,1561,1552,1,1,TRUE,FALSE,20
"192",2020,"10/18/2020",1561,1504,1562,1503,1,1,FALSE,TRUE,20
"193",2020,"10/24/2020",1562,1452,1552,1462,1,2,FALSE,TRUE,20
"194",2020,"10/28/2020",1552,1480,1561,1471,4,1,TRUE,FALSE,20
"195",2020,"11/01/2020",1561,1410,1570,1401,1,0,FALSE,TRUE,20
"196",2020,"11/04/2020",1570,1542,1576,1536,2,1,TRUE,FALSE,20
"197",2020,"11/08/2020",1576,1504,1561,1519,2,3,TRUE,FALSE,20
"198",2020,"11/21/2020",1561,1581,1558,1584,1,1,TRUE,FALSE,30
"199",2020,"11/29/2020",1558,1546,1519,1585,1,3,TRUE,FALSE,40
